angle increment = 0.0575960.00000000
0.05756403
0.11493715
0.17192910
0.22835087
0.28401534
0.33873792
0.39233712
0.44463518
0.49545867
0.54463904
0.59201318
0.63742399
0.68072087
0.72176023
0.76040597
0.79652992
0.83001229
0.86074203
0.88861723
0.91354546
0.93544403
0.95424033
0.96987202
0.98228725
0.99144486
0.99731448
0.99987663
0.99912283
0.99505557
0.98768834
0.97704557
0.96316257
0.94608536
0.92587058
0.90258528
0.87630668
0.84712192
0.81512780
0.78043041
0.74314483
0.70339470
0.66131187
0.61703587
0.57071357
0.52249856
0.47255076
0.42103581
0.36812455
0.31399246
